3 3
1 0
1 1
1 2
1




3 3
1 0
1 1
1 2
2

3 3
1 0
1 1
1 2
99

3 3
1 0
1 1
1 2
100

5 4
1 1
1 3
2 2
3 1
1

5 4
1 1
1 3
2 2
3 1
3

5 4
1 1
1 3
2 2
3 1
100

7 5
0 3
1 4
2 2
2 3
2 4
4

4 5
0 1
1 2
2 0
2 1
2 2
3

5 5
1 1
1 2
2 2
2 3
3 2
1

11 5
4 5
5 4
5 5
5 6
6 5
1

11 5
4 5
5 4
5 5
5 6
6 5
5

11 5
4 5
5 4
5 5
5 6
6 5
3

11 5
4 5
5 4
5 5
5 6
6 5
8

7 5
0 3
1 4
2 2
2 3
2 4
10

7 5
0 3
1 4
2 2
2 3
2 4
11

7 5
0 3
1 4
2 2
2 3
2 4
14

6 8
1 1
1 2
2 1
2 2
3 3
3 4
4 3
4 4
1

6 8
1 1
1 2
2 1
2 2
3 3
3 4
4 3
4 4
99

6 8
1 1
1 2
2 1
2 2
3 3
3 4
4 3
4 4
100
